[30m                                                      .                                                 [0m
[30m                                      ...[38;2;68;2;3m,[30m,[38;2;68;2;3m,[38;2;71;1;3m,[30m,[38;2;81;1;3m,[38;2;68;1;3m,[38;2;73;2;3m,[38;2;78;2;3m,[38;2;80;3;4m:[38;2;70;2;3m,[38;2;83;3;5m:[30m,[38;2;81;0;2m,[30m,,[38;2;93;3;4m:[38;2;72;2;3m,[38;2;77;2;3m,[38;2;81;3;4m:[38;2;72;2;4m,[38;2;68;2;3m,[30m.                                        [0m
[30m                                ..,[38;2;61;3;3m,[38;2;83;3;5m:[38;2;88;3;3m:[38;2;107;3;5m:[38;2;80;2;3m:[38;2;76;1;3m,[38;2;83;2;3m:[30m,,.,,[38;2;45;6;5m,[38;2;45;11;9m:[38;2;45;10;8m:[38;2;45;14;12m:[38;2;56;18;15m;[38;2;65;18;16m;[38;2;48;13;12m:[38;2;62;17;15m;[30m,....,,[38;2;78;2;3m,[38;2;62;2;3m,[30m,[38;2;108;3;5m:[38;2;78;2;4m,[38;2;83;2;4m:[38;2;63;2;3m,[38;2;73;3;4m,[30m.                                 [0m
[30m                            ..[38;2;83;3;4m:[38;2;112;3;6m:[38;2;117;3;6m;[38;2;85;3;4m:[38;2;78;3;4m:[30m,..    ,[38;2;45;9;8m:[38;2;67;30;28mr[38;2;96;42;39ms[38;2;112;48;45mX[38;2;105;43;40mX[38;2;102;42;40ms[38;2;105;45;42mX[38;2;91;37;35ms[38;2;90;35;32ms[38;2;71;25;23mi[38;2;77;27;25mr[38;2;88;30;28mr[38;2;56;18;16m;[38;2;58;16;14m;[38;2;46;7;6m,[38;2;63;6;6m:[30m,       .,[38;2;87;2;4m:[30m,[38;2;97;2;4m:[38;2;95;3;4m:[38;2;66;1;3m,[30m..                            [0m
[30m                         ,[38;2;91;3;5m:[38;2;107;3;6m:[38;2;118;4;6m;[38;2;81;2;3m:[30m..      [38;2;45;4;3m,[30m,,[38;2;52;20;18m;[38;2;77;33;31mr[38;2;136;64;62m2[38;2;131;60;56mA[38;2;166;77;75m5[38;2;196;92;89mh[38;2;133;61;59m2[38;2;146;69;68m5[38;2;128;57;54mA[38;2;121;53;51mA[38;2;112;46;43mX[38;2;93;32;30mr[38;2;105;33;31ms[38;2;91;23;22mi[38;2;83;20;19mi[38;2;90;27;25mr[38;2;63;18;17m;[38;2;62;12;11m:[38;2;73;5;6m:[38;2;91;4;6m:[38;2;52;4;4m,[30m .....    .,[38;2;92;3;5m:[38;2;100;3;6m:[38;2;115;3;6m:[38;2;81;2;4m:[30m.                         [0m
[30m                      ,[38;2;90;3;4m:[38;2;108;3;6m:[38;2;85;3;4m:[38;2;73;2;3m,[30m.    ... .[38;2;58;9;5m:[30m,[38;2;45;8;8m:[38;2;61;26;25mi[38;2;81;36;33mr[38;2;211;98;94mM[38;2;166;76;75m5[38;2;146;64;63m2[38;2;224;174;179mS[38;2;156;45;55mh[38;2;171;45;55mM[38;2;119;45;50m5[38;2;114;45;48m2[38;2;138;61;60m2[38;2;100;40;39ms[38;2;117;41;40mX[38;2;92;24;22mi[38;2;101;21;20mi[38;2;101;19;19mi[38;2;90;15;15m;[38;2;92;17;18mi[38;2;70;15;14m;[38;2;58;12;12m:[30m,[38;2;76;6;6m:[38;2;62;6;5m:[30m..  .....    .[38;2;73;2;4m,[38;2;108;3;6m:[38;2;107;4;6m:[30m,.                      [0m
[30m                   .[38;2;87;3;5m:[38;2;81;1;3m,[38;2;77;1;3m,[30m,.   .....   [38;2;45;4;2m,[38;2;45;7;5m:[38;2;47;18;18m;[38;2;76;30;27mr[38;2;90;39;38ms[38;2;168;75;74m5[38;2;252;115;118mG[38;2;214;166;171mS[38;2;206;160;165mG[38;2;255;198;204m9[38;2;229;178;183m#[38;2;237;184;189m#[38;2;129;45;55m5[38;2;151;71;70m5[38;2;103;45;45mX[38;2;112;44;43mX[38;2;112;42;41mX[38;2;103;36;34ms[38;2;92;25;23mr[38;2;106;24;24mr[38;2;102;19;19mi[38;2;95;21;21mi[38;2;90;17;18mi[38;2;63;9;10m:[38;2;47;12;12m:[38;2;51;5;7m,[38;2;95;6;6m:[30m,......    ..    [38;2;67;1;3m,[38;2;113;3;6m:[38;2;98;3;5m:[30m,                    [0m
[30m                 .[38;2;76;2;3m,[38;2;97;3;5m:[38;2;90;3;4m:[30m.   ....    ...,.[38;2;73;26;24mi[38;2;77;30;27mr[38;2;112;46;45mX[38;2;197;88;87mh[38;2;123;57;57mA[38;2;161;45;55mh[38;2;255;198;204mBB[38;2;222;173;177mS[38;2;191;160;165mH[38;2;135;45;55m3[38;2;150;45;55m3[38;2;182;82;82m3[38;2;103;39;39ms[38;2;107;41;40ms[38;2;120;41;40mX[38;2;110;33;31ms[38;2;120;36;35ms[38;2;108;30;30mr[38;2;105;30;29mr[38;2;55;12;12m:[38;2;56;15;15m;[38;2;48;11;10m:[38;2;45;5;5m,[38;2;62;5;6m:[30m. [38;2;45;6;6m,[30m.[38;2;45;7;6m:[38;2;62;20;17m;[38;2;70;25;23mi[38;2;83;30;28mr[38;2;91;38;36ms[38;2;61;24;21mi[30m,  ...   .[38;2;97;3;5m:[38;2;93;3;6m:[38;2;77;3;4m:[30m.                 [0m
[30m               .[38;2;103;4;6m:[38;2;107;3;6m:[30m.   ....   .[38;2;52;8;4m:[38;2;76;13;7m;[38;2;78;13;6m;[38;2;45;6;3m,[30m,.[38;2;45;6;5m:[38;2;45;13;12m:[30m.[38;2;75;29;28mr[38;2;52;19;18m;[38;2;160;72;70m5[38;2;110;49;48mX[38;2;123;54;53mA[38;2;240;187;192m#[38;2;217;169;173mS[38;2;243;189;194m#[38;2;203;160;165mG[38;2;158;45;55mh[38;2;161;45;55mh[38;2;172;160;165mM[38;2;115;51;51mA[38;2;151;60;60m2[38;2;135;49;48mA[38;2;130;47;46mX[38;2;117;42;41mX[38;2;92;33;30mr[38;2;55;18;16m;[38;2;50;17;16m;[38;2;48;18;16m;[38;2;57;19;18m;[38;2;45;6;6m,[30m ,[38;2;83;36;34mr[38;2;63;21;18mi[30m [38;2;45;7;7m,[38;2;45;7;6m,[38;2;47;15;14m;[38;2;68;25;24mi[38;2;106;45;42mX[38;2;122;55;54mA[38;2;148;65;63m2[38;2;80;30;27mr[30m.  .. .  .[38;2;90;3;5m:[38;2;120;3;6m;[38;2;78;2;4m,[30m.               [0m
[30m              [38;2;113;4;6m;[38;2;98;3;4m:[30m.   ..  .  [38;2;45;4;3m,[38;2;48;8;6m:[38;2;47;9;6m:[38;2;60;13;10m;[38;2;45;9;6m:[30m..  ,[38;2;61;20;19m;[38;2;45;7;6m,[38;2;45;8;8m:[38;2;86;38;37ms[38;2;95;42;42ms[38;2;132;60;59m2[38;2;146;67;66m2[38;2;171;77;75m3[38;2;227;108;108mH[38;2;194;160;165mG[38;2;204;160;165mG[38;2;217;169;173mS[38;2;163;45;55mh[38;2;206;98;97mM[38;2;123;54;53mA[38;2;137;59;58m2[38;2;136;55;54mA[38;2;93;34;33ms[38;2;121;48;47mX[38;2;45;15;15m;[38;2;55;22;23mi[38;2;78;31;30mr[30m,[38;2;71;26;25mi[30m,[38;2;53;21;20m;[38;2;131;58;57mA[38;2;68;24;22mi[30m,.[38;2;45;10;9m:[38;2;45;13;12m;[38;2;122;51;49mA[38;2;162;71;69m5[38;2;152;67;66m2[38;2;82;34;33mr[38;2;71;30;29mr[38;2;97;40;37ms[38;2;92;33;29mr[38;2;45;7;6m,[30m   . ,.  .,[38;2;116;3;6m;[38;2;101;3;5m:[30m              [0m
[30m           .[38;2;88;3;6m:[38;2;107;3;6m:[30m,.     .[38;2;62;19;12m;[38;2;101;30;21mr[38;2;97;26;18mr[38;2;65;18;15m;[38;2;91;24;22mi[38;2;106;30;27mr[38;2;46;12;9m:[38;2;48;11;10m:[38;2;55;15;14m;[30m..[38;2;55;15;14m;[38;2;82;26;24mi[38;2;45;8;7m:[30m [38;2;45;8;7m:[38;2;55;21;20m;[38;2;63;27;27mi[38;2;45;12;12m;[38;2;93;42;41ms[38;2;93;42;40ms[38;2;93;40;39ms[38;2;143;68;66m2[38;2;137;64;63m2[38;2;185;87;87mh[38;2;111;49;48mX[38;2;138;45;55m3[38;2;190;90;88mh[38;2;151;45;55m3[38;2;141;66;64m2[38;2;155;71;69m5[38;2;95;42;39ms[38;2;162;75;72m5[38;2;166;74;72m5[38;2;95;42;41ms[38;2;157;70;69m5[38;2;91;37;37ms[38;2;45;10;10m:[38;2;45;9;9m:[38;2;45;9;8m:[38;2;77;28;27mr[38;2;48;20;19m;[38;2;67;23;22mi[30m..[38;2;45;7;6m,[38;2;47;18;18m;[38;2;78;33;31mr[38;2;66;24;23mi[38;2;62;26;24mi[38;2;86;36;35ms[38;2;51;18;17m;[38;2;45;12;12m;[38;2;45;18;18m;[38;2;85;33;31mr[38;2;80;27;25mr[38;2;48;13;12m:[30m.[38;2;45;8;7m:[30m,   .  .[38;2;77;2;3m,[38;2;67;2;3m,[30m,            [0m
[30m          .[38;2;91;3;5m:[38;2;103;3;6m:[30m. .   [38;2;48;12;7m:[38;2;62;16;12m;[38;2;80;23;17mi[38;2;115;34;30ms[38;2;151;57;54m2[38;2;241;106;104mH[38;2;170;66;64m5[38;2;128;49;47mX[38;2;128;51;50mA[38;2;116;39;38ms[38;2;66;19;19m;[30m.,. ,[38;2;78;27;26mr[38;2;45;8;8m:[38;2;45;7;6m,[30m.[38;2;65;26;25mi[38;2;97;42;41ms[38;2;93;42;42ms[38;2;127;60;59m2[38;2;78;36;34mr[38;2;95;44;42ms[38;2;112;53;51mA[38;2;117;55;54mA[38;2;101;46;45mX[38;2;68;30;29mr[38;2;111;51;51mX[38;2;127;59;57mA[38;2;130;60;58mA[38;2;121;55;54mA[38;2;136;63;63m2[38;2;230;179;184m#[38;2;245;191;196m#[38;2;205;89;87mh[38;2;191;81;81m3[38;2;137;57;57mA[38;2;96;36;34ms[38;2;76;31;30mr[38;2;45;8;8m:[38;2;50;19;18m;[38;2;45;7;7m:[38;2;45;8;8m:[30m  [38;2;45;7;6m,[30m,[38;2;50;21;20m;[38;2;90;40;39ms[38;2;62;26;24mi[38;2;92;40;38ms[38;2;116;47;44mX[38;2;176;76;73m3[38;2;205;93;91mh[38;2;118;48;46mX[38;2;123;47;45mX[38;2;112;42;39mX[38;2;81;31;30mr[38;2;101;41;39ms[38;2;132;56;52mA[38;2;118;49;45mX[38;2;45;8;7m:[30m  .   ,[38;2;126;4;8m;[38;2;97;3;5m:[30m.          [0m
[30m         ,[38;2;118;3;6m;[30m,  ..  [38;2;71;16;9m;[38;2;160;47;36mA[38;2;100;30;25mr[38;2;153;51;48mA[38;2;212;78;75m3[38;2;227;98;95mM[38;2;211;96;93mM[38;2;166;71;68m5[38;2;127;52;49mA[38;2;88;37;36ms[38;2;115;40;38ms[38;2;91;32;29mr[38;2;55;16;15m;[38;2;55;15;14m;[38;2;45;6;6m,[30m. ,..[38;2;51;14;12m:[38;2;81;30;29mr[38;2;177;78;78m3[38;2;195;90;90mh[38;2;173;160;165mM[38;2;137;45;55m3[38;2;176;83;83m3[38;2;86;40;39ms[38;2;84;35;34mX[38;2;75;33;32mr[38;2;70;31;30mr[38;2;63;29;29mi[38;2;64;27;26ms[38;2;122;57;57mA[38;2;174;45;55mM[38;2;176;78;77m3[38;2;183;74;71m5[38;2;105;36;35ms[38;2;68;15;13m;[30m. ,[38;2;76;28;27mr[38;2;61;23;23mi[38;2;45;7;7m,[38;2;45;9;9m:[30m .[38;2;45;6;6m,[30m,[38;2;45;12;12m:[38;2;110;47;45mX[38;2;151;69;67m5[38;2;92;39;37ms[38;2;133;59;55mA[38;2;152;67;64m2[38;2;180;78;75m3[38;2;198;88;87mh[38;2;195;84;84m3[38;2;97;36;35ms[38;2;70;26;24mi[38;2;202;87;85mh[38;2;208;89;87mh[38;2;172;72;69m5[38;2;137;56;54mA[38;2;90;35;33ms[38;2;50;16;14m;[30m.  .  .[38;2;92;3;5m:[38;2;102;3;6m:[30m,         [0m
[30m       .,[38;2;76;2;3m,[30m.   .. ,[38;2;125;26;18mr[38;2;70;18;16m;[38;2;97;29;27mr[38;2;156;53;50mA[38;2;201;81;78m3[38;2;186;81;78m3[38;2;182;80;77m3[38;2;130;54;51mA[38;2;155;63;60m2[38;2;116;46;45mX[38;2;45;10;9m:[30m..     ..[38;2;45;12;12m:[38;2;45;8;7m:[30m .[38;2;98;22;21mi[38;2;132;42;41mX[38;2;173;63;63m2[38;2;118;43;43mX[38;2;191;86;86mh[38;2;87;36;35ms[38;2;70;30;30mr[38;2;106;48;47mX[38;2;55;21;21m;[38;2;120;54;53mA[38;2;131;50;48mA[38;2;46;8;8m:[30m [38;2;178;44;36mA[38;2;253;78;69mh[38;2;111;15;12mi[30m,[38;2;50;14;14m:[38;2;122;45;45mX[38;2;126;48;47mX[38;2;45;7;7m:[30m .,,[38;2;85;33;31mr[38;2;91;37;36ms[38;2;71;27;27mi[38;2;46;18;17m;[38;2;72;31;30mr[38;2;45;12;12m;[38;2;87;36;35ms[38;2;215;96;95mM[38;2;177;160;165mH[38;2;222;173;177mS[38;2;215;167;172mS[38;2;149;45;55m3[38;2;126;58;57mA[38;2;194;160;165mG[38;2;255;115;115mG[38;2;213;89;87mh[38;2;133;57;54mA[38;2;56;20;18m;[38;2;83;26;21mi[38;2;45;6;3m,[30m ..   [38;2;85;3;5m:[38;2;131;5;7m;[30m.        [0m
[30m       [38;2;78;3;4m:[38;2;117;3;6m:[30m. .  .. [38;2;103;18;9mi[38;2;61;13;9m;[30m.[38;2;75;24;22mi[38;2;115;39;38ms[38;2;118;42;39mX[38;2;98;37;35ms[38;2;61;23;21mi[38;2;68;25;23mi[38;2;45;10;8m:[30m [38;2;45;7;7m,[38;2;58;24;23mi[38;2;147;68;66m2[38;2;148;45;55mh[38;2;165;45;55mM[38;2;127;45;55m5[38;2;45;7;7m,[30m   ,[38;2;53;14;12m;[30m,.[38;2;120;18;15mi[38;2;211;57;51m2[38;2;81;3;1m:[30m .[38;2;45;9;9m:[38;2;55;21;20m;[38;2;117;55;54mA[38;2;114;45;48m2[38;2;60;25;24mi[30m .,[38;2;76;16;15m;[38;2;67;14;12m;[38;2;80;24;21mi[38;2;87;23;23mi[38;2;121;33;33ms[38;2;118;32;32ms[30m. ,[38;2;45;7;6m,[38;2;45;7;7m:[38;2;55;18;17m;[38;2;51;19;18m;[30m.,.[38;2;71;31;31mr[38;2;155;69;70m5[38;2;96;41;40ms[38;2;121;51;49mA[38;2;161;73;71m5[38;2;188;88;85mh[38;2;217;104;102mM[38;2;223;173;178mS[38;2;255;115;125m#[38;2;228;105;102mM[38;2;192;89;86mh[38;2;222;97;95mM[38;2;180;73;70m5[38;2;105;42;39ms[38;2;55;20;20m;[38;2;97;33;27mr[30m.  .   ,[38;2;80;2;3m:[30m,       [0m
[30m     .[38;2;78;3;4m:[38;2;92;2;4m:[30m.  ..  . [38;2;80;15;8m;[38;2;60;11;7m:[30m [38;2;45;15;14m:[38;2;65;21;20mi[38;2;45;9;9m:[30m.. ,[38;2;91;39;39mA[38;2;103;46;46mX[38;2;131;58;57mA[38;2;127;54;52mA[38;2;165;45;55mh[38;2;197;160;165mG[38;2;201;160;165mG[38;2;173;160;165mM[38;2;130;60;60m2[38;2;91;39;39mA[38;2;45;16;15m;[30m.,[38;2;52;15;15m;[38;2;62;16;15m;[38;2;52;17;16m;[38;2;61;15;14m;[38;2;53;15;13m;[38;2;45;9;8m::[38;2;45;12;12m;[38;2;57;19;19m;[38;2;142;63;61m2[38;2;223;173;178mS[38;2;161;76;76m5[38;2;115;49;48mX[38;2;110;38;37ms[38;2;81;21;21mi[38;2;68;18;18m;[38;2;72;18;18m;[38;2;81;18;18mi[38;2;50;10;11m:[30m..  [38;2;45;6;6m:[38;2;98;25;24mr[38;2;51;14;13m:[38;2;47;16;16m;[38;2;68;24;23mi[38;2;68;24;24mi[38;2;45;7;7m:[38;2;45;10;9m:[30m.[38;2;45;10;10m:[38;2;91;36;36ms[38;2;96;41;39ms[38;2;93;38;36ms[38;2;73;28;26mr[38;2;71;30;28mr[38;2;90;36;34ms[38;2;140;60;58m2[38;2;173;76;75m5[38;2;148;67;64m2[38;2;132;61;58m2[38;2;148;61;59m2[38;2;128;50;48mA[38;2;45;7;7m,[38;2;75;22;21mi[38;2;45;5;3m,[30m    .  ,[38;2;97;3;5m:[30m,      [0m
[30m     [38;2;66;2;4m,[38;2;103;3;5m:[30m. . ..   .[38;2;53;8;5m:[38;2;65;12;8m:[30m.[38;2;45;6;6m,[30m... [38;2;45;7;7m,[38;2;82;34;33mr[38;2;65;27;27mi[38;2;56;22;21mi[38;2;53;23;23mi[38;2;140;59;59m2[38;2;175;78;77m3[38;2;152;45;55mh[38;2;166;78;78m3[38;2;171;160;165mM[38;2;141;45;55m3[38;2;143;67;66m2[38;2;168;45;55mM[38;2;133;45;55m5[38;2;103;47;45mX[38;2;90;42;41ms[38;2;45;8;8m:[30m..[38;2;52;17;15m;[38;2;56;17;15m;[38;2;56;18;17m;[38;2;83;31;31mr[38;2;115;43;43mX[38;2;47;18;17m;[38;2;50;21;21m;[38;2;45;20;20m;[38;2;137;60;61m2[38;2;116;41;42mX[38;2;82;21;23mi[38;2;45;7;7m:[38;2;67;18;18m;[30m .,, ., [38;2;56;9;10m:[38;2;127;28;29mr[38;2;81;20;19mi[38;2;48;15;15m;[38;2;47;15;14m:[38;2;45;7;7m:[38;2;45;6;6m,[30m,.[38;2;50;12;11m:[38;2;45;7;6m:[38;2;53;16;15m;[30m,.,[38;2;45;7;6m,[38;2;62;25;24mi[38;2;96;39;38ms[38;2;61;24;24mi[38;2;85;37;36ms[38;2;45;9;9m:[38;2;55;15;14m;[38;2;50;9;8m:[30m.[38;2;50;9;7m:[30m, .   ,[38;2;88;2;4m:[30m.     [0m
[30m    .[38;2;75;3;3m,[30m.  .. .. [38;2;80;20;13mi[38;2;72;14;8m;[30m [38;2;45;5;4m,[30m,,, .[38;2;78;34;33mr[38;2;127;57;54mA[38;2;63;24;23mi[38;2;45;10;10m:[30m [38;2;51;13;13m:[38;2;92;33;33mr[38;2;140;57;56mA[38;2;135;62;62m2[38;2;130;57;57mA[38;2;110;48;46mX[38;2;162;45;55mh[38;2;91;38;36ms[38;2;65;25;24mi[38;2;193;90;88mh[38;2;166;45;55mM[38;2;70;28;27mi[38;2;70;24;23mi[38;2;125;58;57mA[38;2;83;39;39ms[30m,. [38;2;45;6;6m,[38;2;45;8;8m:[38;2;65;24;24mi[38;2;58;19;18m;[38;2;85;25;24mi[38;2;75;21;21mi[38;2;78;18;18m;[38;2;66;17;18m;[38;2;50;12;12m:[30m,.[38;2;60;11;12m:[30m,  ,[38;2;63;6;6m:[38;2;65;5;6m:[38;2;87;9;9m;[38;2;100;12;12m;[38;2;58;7;7m:[38;2;45;4;5m,[30m.,.  .   .,,,[38;2;45;6;6m,[38;2;45;9;9m:[38;2;45;8;7m:[38;2;48;18;16m;[38;2;56;17;16m;[30m..[38;2;78;25;24mi[38;2;131;42;40mX[38;2;100;32;29mr[30m     [38;2;88;3;4m:[38;2;85;2;3m:[30m     [0m
[30m   .[38;2;70;2;3m,[30m,    ..  [38;2;62;15;9m;[38;2;111;33;26ms[38;2;68;19;19m;[38;2;65;20;18m;[38;2;51;15;14m;[38;2;63;17;16m;[38;2;45;5;4m,[30m,[38;2;97;43;42ms[38;2;161;69;67m5[38;2;141;63;61m2[38;2;75;29;28mr[38;2;66;20;20m;[38;2;45;7;7m,[30m   [38;2;143;47;48mA[38;2;148;53;54mA[38;2;73;24;23mi[38;2;83;28;27mr[38;2;186;84;84m3[38;2;136;59;58m2[38;2;61;22;21mi[38;2;112;47;45mX[38;2;153;72;72m5[38;2;145;45;55m3[38;2;120;55;55mA[38;2;77;31;30mr[38;2;97;42;41ms[38;2;123;55;54mA[38;2;132;45;55m5[38;2;109;45;47m2[38;2;69;31;31ms[38;2;78;35;35mX[38;2;52;19;19m;[38;2;57;20;19m;[38;2;47;15;15m:[38;2;56;15;15m;[38;2;45;6;6m,[30m, [38;2;45;7;7m,[38;2;51;11;11m:[30m,   ,[38;2;50;4;5m,[38;2;82;7;8m:[38;2;115;12;14mi[38;2;111;15;15mi[38;2;75;11;11m;[38;2;51;9;9m:[38;2;50;9;7m:[30m.   .    ,[38;2;45;7;6m:[38;2;63;23;22mi[38;2;125;48;46mX[38;2;128;53;51mA[38;2;145;60;59m2[38;2;111;43;42mX[38;2;126;49;48mX[38;2;61;23;22mi[38;2;67;24;24mi[38;2;123;46;45mX[38;2;118;42;42mX[38;2;137;48;46mA[38;2;73;23;21mi[30m .  .[38;2;83;3;3m:[30m,    [0m
[30m   ,[38;2;85;2;4m:[30m. .  .. .[38;2;101;18;12mi[38;2;47;11;10m:[38;2;96;29;28mr[38;2;63;19;18m;[38;2;48;13;12m:[38;2;45;14;14m:[38;2;105;44;44mX[38;2;170;75;75m5[38;2;158;71;70m5[38;2;85;33;32mr[38;2;45;11;11m:[30m.[38;2;58;4;5m,[38;2;107;6;7m;[38;2;96;6;8m:[30m.[38;2;101;24;25mr[38;2;193;53;55m2[38;2;77;14;15m;[38;2;45;9;9m:[30m.[38;2;90;27;27mr[38;2;196;160;165mG[38;2;86;36;35mX[30m.,[38;2;111;45;45mX[38;2;168;45;55mM[38;2;133;45;55m3[38;2;71;32;31mr[38;2;45;6;6m,[38;2;56;15;15m;[38;2;73;25;24mi[38;2;115;48;48mX[38;2;167;80;79m3[38;2;106;46;45mX[30m   .[38;2;45;6;6m,[38;2;56;12;12m:[38;2;46;7;8m,[30m.    ....[38;2;65;6;6m:[38;2;50;6;6m,[30m. . .,[38;2;68;7;6m:[30m     [38;2;57;18;15m;[38;2;63;23;20mi[38;2;87;34;33mr[38;2;161;67;66m5[38;2;203;88;85mh[38;2;235;100;100mM[38;2;176;72;70m5[38;2;140;54;53mA[38;2;110;45;46mX[38;2;152;54;54mA[38;2;98;30;30mr[38;2;76;28;29mr[38;2;125;47;44mX[30m,    [38;2;71;2;3m,[38;2;90;3;5m:[30m.   [0m
[30m   [38;2;76;3;4m:[38;2;75;1;3m,[30m.  . .  [38;2;78;13;7m;[38;2;47;5;1m,[30m.[38;2;47;14;13m:[38;2;96;41;39ms[38;2;137;61;61m2[38;2;176;78;78m3[38;2;165;72;72m5[38;2;88;39;38ms[38;2;45;6;6m,[30m,.  [38;2;95;4;6m:[38;2;161;7;11mi[30m.[38;2;126;33;33ms[38;2;111;26;26mr[30m [38;2;71;1;3m,[30m..[38;2;128;56;55mA[38;2;131;45;53m5[38;2;45;12;11m;[30m  [38;2;52;9;10m:[38;2;147;64;63m2[38;2;161;76;75m5[38;2;62;25;24mi[30m   [38;2;65;14;14m;[38;2;211;82;82m3[38;2;61;19;18m;[30m.,[38;2;45;6;6m:[38;2;51;11;10m:[38;2;57;9;9m:[38;2;45;4;3m,[38;2;51;4;4m,[30m    .,.,.,,,...,.,,,,..[38;2;66;10;10m:[38;2;67;8;7m:[38;2;47;9;9m:[38;2;91;36;34ms[38;2;150;63;61m2[38;2;176;75;73m5[38;2;171;65;63m5[38;2;150;60;58m2[38;2;143;58;57m2[38;2;132;47;46mX[38;2;45;7;7m,[38;2;45;8;7m:[38;2;72;16;13m;[38;2;45;6;4m,[30m   .[38;2;70;2;3m,[30m,   [0m
[30m  .,,   .  [38;2;60;14;9m;[38;2;92;21;15mi[38;2;110;30;27mr[38;2;112;39;38ms[38;2;170;57;55m2[38;2;210;91;89mh[38;2;228;102;100mM[38;2;183;83;81m3[38;2;66;29;28mi[30m,[38;2;45;6;6m,,[30m.  .[38;2;147;9;12mi[38;2;180;7;12mi[30m,[38;2;183;55;58m2[38;2;70;14;15m;[38;2;100;4;5m:[38;2;188;10;15mr[38;2;130;8;11m;[30m.[38;2;81;24;26mi[38;2;156;69;70m5[38;2;50;5;5m,[38;2;126;4;6m;[38;2;58;3;3m,[30m .[38;2;185;84;84m3[38;2;148;69;69m5[30m.[38;2;107;6;8m;[30m..[38;2;147;45;45mX[38;2;100;25;24mr[38;2;171;11;13mi[38;2;185;15;17mr[38;2;177;18;18mr[38;2;218;22;23ms[38;2;200;21;21ms[38;2;111;13;12mi[30m,    ,[38;2;107;12;12m;[38;2;161;15;16mr[38;2;203;21;22ms[38;2;212;18;21ms[38;2;226;17;20ms[38;2;137;11;13mi[30m. .,..[38;2;92;6;7m:[38;2;152;10;12mi[38;2;216;12;17mr[38;2;230;11;17mr[38;2;175;9;13mi[38;2;181;9;14mi[38;2;146;9;12mi[38;2;66;5;5m:[30m  ,[38;2;48;18;15m;[38;2;72;27;25mi[38;2;78;27;26mr[38;2;75;29;27mr[38;2;142;61;60m2[38;2;63;24;23mi[38;2;57;18;17m;[38;2;70;21;20mi[38;2;58;15;13m;[38;2;82;20;15mi[30m.  [38;2;77;2;3m,[38;2;70;2;3m,[30m   [0m
[30m  .,.  . ,[38;2;140;33;25ms[38;2;177;52;46mA[38;2;223;68;66m5[38;2;226;84;81mh[38;2;166;66;66m5[38;2;180;74;73m5[38;2;147;61;60m2[38;2;105;41;39ms[38;2;45;17;16m;[30m,[38;2;76;21;18mi[38;2;45;6;5m:[30m    [38;2;112;14;13mi[38;2;252;18;21ms[38;2;193;10;14mr[30m,[38;2;113;35;35ms[38;2;65;14;14m;[38;2;208;13;15mr[38;2;220;17;19ms[38;2;202;13;17mr[38;2;71;2;2m,[38;2;76;24;26mi[38;2;206;94;95mh[38;2;92;15;14m;[38;2;185;7;10mi[38;2;156;9;12mi[38;2;76;5;6m:[30m [38;2;117;39;39ms[38;2;186;160;165mH[38;2;90;32;31mr[38;2;143;4;7m;[38;2;98;3;6m:[30m,[38;2;130;42;42mX[38;2;81;10;10m;[38;2;233;16;18ms[38;2;255;27;27mA[38;2;205;18;18ms[38;2;213;15;17ms[38;2;250;21;24mX[38;2;188;21;22ms[30m.     [38;2;105;14;13mi[38;2;255;20;23mX[38;2;250;18;21ms[38;2;255;18;23mX[38;2;232;13;18ms[38;2;166;9;12mi[38;2;65;3;3m,[30m  .  [38;2;53;7;7m:[38;2;225;18;21ms[38;2;200;9;13mr[38;2;178;8;12mi[38;2;248;10;17ms[38;2;176;7;12mi[30m,     .[38;2;55;21;20m;[38;2;45;8;8m:[38;2;45;9;8m:[38;2;97;42;42ms[38;2;87;33;33mr[38;2;100;36;34ms[38;2;90;30;29mr[38;2;67;17;15m;[38;2;92;18;12mi[30m. .[38;2;63;2;3m,[30m   [0m
[30m  .,.  .[38;2;77;12;6m;[38;2;131;24;18mr[38;2;153;39;36mX[38;2;130;35;34ms[38;2;210;60;60m5[38;2;153;42;42mX[38;2;136;39;40mX[38;2;113;41;40mX[38;2;52;18;17m;[38;2;45;6;5m,[38;2;65;18;16m;[38;2;78;18;17mi[30m,.   [38;2;62;5;5m:[38;2;200;19;21ms[38;2;226;15;18ms[38;2;185;13;15mr[38;2;65;2;3m,[38;2;46;14;14m:[38;2;78;15;15m;[38;2;208;21;20ms[38;2;250;30;28mA[38;2;232;24;23mX[38;2;97;6;6m:[38;2;50;15;15m;[38;2;95;37;37ms[38;2;122;12;12mi[38;2;231;24;22mX[38;2;213;22;21ms[38;2;175;14;15mr[30m.[38;2;81;19;18mi[38;2;137;62;62m2[38;2;47;18;16m;[38;2;151;7;9mi[38;2;140;9;10mi[30m [38;2;96;22;22mi[38;2;173;18;18mr[38;2;255;30;28mA[38;2;255;36;31mA[38;2;255;36;33m2[38;2;232;26;24mX[38;2;175;12;15mr[38;2;252;28;29mX[38;2;136;12;12mi[30m    ,[38;2;240;32;31mA[38;2;255;23;25mX[38;2;251;22;24mX[38;2;255;23;25mX[38;2;242;16;21ms[38;2;235;15;19ms[38;2;192;12;15mr[30m.    [38;2;180;35;32mX[38;2;255;24;27mA[38;2;255;18;23mX[38;2;208;13;16mr[38;2;196;9;14mr[38;2;140;6;9m;[30m.  ,[38;2;60;15;13m;[30m  .[38;2;50;17;16m;[30m.[38;2;75;34;33mr[38;2;100;42;42ms[38;2;96;39;39ms[38;2;71;25;24mi[38;2;75;24;24mi[38;2;45;6;4m,[38;2;62;11;6m:[30m, ..  [0m
[30m  .,.  [38;2;45;4;2m,[38;2;120;21;9mi[38;2;115;24;20mr[38;2;121;31;30ms[38;2;120;33;30ms[38;2;117;27;26mr[38;2;100;23;23mi[38;2;78;19;18mi[38;2;60;18;17m;[38;2;55;15;14m;[38;2;80;18;16mi[38;2;61;13;11m;[30m,,    [38;2;115;10;10m;[38;2;238;15;20ms[38;2;191;12;15mr[38;2;225;18;20ms[38;2;255;23;25mX[38;2;128;9;10m;[38;2;66;6;6m:[38;2;221;42;34mA[38;2;200;41;33mA[38;2;220;41;33mA[38;2;97;10;8m;[38;2;45;5;6m,[38;2;78;22;21mi[38;2;146;13;12mi[38;2;255;42;35m2[38;2;242;30;27mX[38;2;173;18;16mr[30m [38;2;90;31;31mr[38;2;116;42;42mX[30m [38;2;115;7;10m;[38;2;172;14;15mr[30m,[38;2;108;5;6m;[38;2;183;17;17mr[38;2;255;28;27mA[38;2;233;27;23mX[38;2;255;34;28mA[38;2;255;39;33m2[38;2;235;22;21mX[38;2;255;24;26mX[38;2;197;28;27mX[30m,   [38;2;135;31;29ms[38;2;255;36;36m2[38;2;252;21;21mX[38;2;255;24;24mX[38;2;253;23;24mX[38;2;227;19;21ms[38;2;231;15;20ms[38;2;180;12;14mr[38;2;80;4;5m:[30m   [38;2;67;15;13m;[38;2;255;42;39m2[38;2;238;15;18ms[38;2;255;20;23mX[38;2;255;18;23mX[38;2;185;11;15mr[30m..[38;2;57;20;19m;[38;2;135;55;54mA[38;2;118;44;41mX[38;2;45;8;7m:[38;2;46;12;12m:[30m. ,[38;2;45;11;11m:[38;2;92;38;36ms[38;2;71;27;27mi[38;2;155;68;66m5[38;2;155;63;62m2[38;2;105;36;34ms[38;2;111;39;37ms[38;2;82;21;20mi[38;2;53;9;6m:[38;2;118;27;21mr[30m,   [0m
[30m  .,.  [38;2;50;7;3m,[38;2;133;19;10mr[38;2;53;9;7m:[38;2;45;4;4m,[38;2;52;9;8m:[38;2;63;12;11m;[38;2;80;17;16m;[38;2;73;18;16m;[38;2;50;9;7m:[38;2;76;13;9m;[38;2;50;6;4m,[30m.[38;2;45;6;4m,[30m. . [38;2;50;6;6m,[38;2;130;10;12mi[38;2;181;10;14mr[38;2;198;12;15mr[38;2;255;24;24mX[38;2;255;30;29mA[38;2;248;27;25mX[38;2;206;24;21ms[38;2;255;45;37m2[30m,[38;2;133;33;28ms[38;2;195;38;30mX[30m,[38;2;125;9;9m;[38;2;211;26;23mX[38;2;255;38;31mA[38;2;222;30;25mX[38;2;197;21;20ms[38;2;61;4;4m,[38;2;96;22;22mi[38;2;60;17;15m;[30m .[38;2;127;9;10m;[38;2;120;9;10m;[38;2;222;19;20ms[38;2;241;28;25mX[38;2;255;32;30mA[38;2;187;18;18mr[38;2;167;18;17mr[38;2;255;34;31m2[38;2;255;29;27mA[38;2;255;20;21mX[38;2;236;23;24mX[38;2;76;4;5m:[30m  ,[38;2;232;48;42m2[38;2;255;27;27mA[38;2;231;18;20ms[38;2;245;20;22mX[38;2;255;20;22mX[38;2;231;18;21ms[38;2;185;11;15mr[38;2;218;13;18mr[38;2;138;9;12mi[30m.  [38;2;165;45;41mA[38;2;255;30;30mA[38;2;240;16;20ms[38;2;215;12;15mr[38;2;200;10;15mr[38;2;77;3;5m:[30m.,[38;2;45;13;13m:[38;2;150;51;50mA[38;2;122;40;38mX[38;2;85;24;23mi[38;2;47;12;12m:[30m.[38;2;45;11;11m:[38;2;45;12;11m:[38;2;102;48;47mX[38;2;152;45;55m3[38;2;213;166;170mS[38;2;237;103;102mM[38;2;163;59;57m2[38;2;102;31;29mr[38;2;47;14;13m:[38;2;45;6;5m,[30m.[38;2;77;17;15m;[38;2;90;15;9m;[38;2;47;9;5m:[30m  [0m
[30m  .,. [38;2;52;8;3m:[38;2;125;18;9mi[38;2;103;16;10mi[30m.[38;2;75;11;11m;[38;2;56;9;8m:[38;2;47;5;5m,[30m,[38;2;45;4;3m,[38;2;50;7;5m:[30m,,,    .[38;2;135;12;13mi[38;2;195;10;15mr[38;2;160;7;10mi[38;2;200;15;16mr[38;2;246;24;24mX[38;2;255;25;24mX[38;2;232;21;21ms[38;2;255;39;35m2[38;2;108;18;15mi[30m ,[38;2;210;54;45m2[38;2;188;36;29mX[38;2;186;23;21ms[38;2;218;27;23mX[38;2;200;26;21ms[38;2;255;40;33m2[38;2;252;24;23mX[38;2;63;3;3m,[38;2;72;3;4m:[30m,  .[38;2;150;18;18mr[38;2;211;23;22ms[38;2;241;26;24mX[38;2;255;25;26mX[38;2;255;28;28mA[38;2;247;25;24mX[38;2;255;28;27mA[38;2;238;23;22mX[38;2;246;21;22mX[38;2;188;13;15mr[38;2;98;10;9m;[30m. [38;2;112;29;26mr[38;2;255;41;38m2[38;2;255;24;25mX[38;2;195;16;17mr[38;2;236;16;18ms[38;2;255;21;24mX[38;2;213;18;20ms[38;2;243;16;21ms[38;2;225;12;17mr[38;2;187;10;15mr[30m. [38;2;45;15;15m;[38;2;250;51;48m2[38;2;225;17;18ms[38;2;240;18;22ms[38;2;225;12;18ms[38;2;120;6;7m;[30m. ,[38;2;55;16;15m;[38;2;103;25;24mr[38;2;75;21;20mi[30m,[38;2;45;13;13m;[38;2;126;57;55mA[38;2;86;38;36ms[38;2;147;65;64m2[38;2;215;99;96mM[38;2;212;165;169mS[38;2;197;84;81m3[38;2;91;33;31mr[38;2;60;20;18m;[38;2;45;9;9m:[38;2;56;18;16m;[38;2;68;17;14m;[38;2;72;14;11m;[38;2;73;12;6m;[38;2;95;17;9mi[38;2;53;10;5m:[30m  [0m
[30m   ,. [38;2;78;14;6m;[38;2;105;16;9mi[38;2;72;10;6m:[30m,[38;2;45;4;4m,[30m.,,,...     [38;2;66;2;3m,[38;2;152;7;9mi[38;2;180;8;11mi[38;2;252;13;18ms[38;2;255;18;21mX[38;2;221;16;18ms[38;2;226;16;19ms[38;2;242;21;22mX[38;2;190;23;21ms[30m.  [38;2;91;18;15mi[38;2;242;39;33mA[38;2;193;19;18ms[38;2;255;33;30mA[38;2;255;29;26mA[38;2;255;27;25mAA[38;2;176;13;13mr[38;2;161;12;14mi[38;2;136;12;14mi[30m.  [38;2;101;6;7m:[38;2;161;13;14mi[38;2;210;16;18ms[38;2;255;23;24mX[38;2;255;24;25mX[38;2;236;21;22mX[38;2;252;27;27mX[38;2;241;20;21ms[38;2;251;20;23mX[38;2;250;19;22mX[38;2;213;19;21ms[30m .[38;2;210;40;36mA[38;2;255;26;25mX[38;2;225;23;24mX[38;2;250;21;23mX[38;2;255;21;24mX[38;2;231;18;21ms[38;2;237;18;21ms[38;2;227;16;19ms[38;2;192;13;17mr[38;2;222;13;18ms[38;2;133;7;9m;[30m [38;2;156;25;25ms[38;2;255;20;23mX[38;2;231;13;18ms[38;2;222;12;18mr[38;2;207;11;15mr[38;2;86;4;5m:[30m .[38;2;45;8;8m:[38;2;76;21;21mi[30m, [38;2;45;18;18mi[38;2;151;67;66m2[38;2;182;80;78m3[38;2;195;85;83m3[38;2;211;89;87mh[38;2;145;58;57m2[38;2;145;57;54mA[38;2;105;42;40ms[38;2;70;26;24mi[38;2;81;30;27mr[38;2;106;38;36ms[38;2;70;17;14m;[38;2;87;13;8m;[38;2;65;9;5m:[30m.    [0m
[30m   ,,   [38;2;65;10;5m:[38;2;101;18;9mi[30m,[38;2;63;9;6m:[30m.   .  ,. ,[38;2;161;7;10mi[38;2;170;7;11mi[38;2;248;14;18ms[38;2;183;9;12mi[38;2;175;11;13mi[38;2;255;18;21mX[38;2;226;15;18ms[38;2;225;19;20ms[30m.    [38;2;121;9;10m;[38;2;255;27;27mA[38;2;255;25;25mX[38;2;255;24;25mX[38;2;171;13;15mr[38;2;190;17;17mr[38;2;247;21;21mX[38;2;210;15;16ms[38;2;182;17;18mr[38;2;81;6;7m:[30m   [38;2;77;5;6m:[38;2;203;15;17mr[38;2;242;18;19ms[38;2;255;26;27mA[38;2;246;23;24mX[38;2;241;22;24mX[38;2;237;18;21ms[38;2;255;21;24mX[38;2;242;21;23mX[38;2;197;16;18mr[38;2;80;6;6m:[38;2;45;9;8m:[38;2;250;30;30mA[38;2;237;17;20ms[38;2;220;18;20ms[38;2;233;18;21ms[38;2;151;12;13mi[38;2;211;16;18ms[38;2;236;18;21ms[38;2;240;18;21ms[38;2;223;17;19ms[38;2;246;15;21ms[38;2;215;12;16mr[30m.[38;2;188;13;16mr[38;2;225;12;16mr[38;2;206;9;15mr[38;2;202;9;14mr[38;2;136;6;9m;[30m. ,. .[38;2;58;26;25mi[38;2;142;63;61m2[38;2;171;72;69m5[38;2;146;61;60m2[38;2;151;61;59m2[38;2;115;45;43mX[38;2;127;53;52mA[38;2;88;36;33ms[38;2;62;22;21mi[38;2;62;20;18m;[38;2;56;14;12m;[38;2;48;5;3m,[38;2;67;9;5m:[38;2;47;8;4m:[30m  .   [0m
[30m    [38;2;72;2;3m,[30m.   ..  ,[38;2;45;7;6m,[38;2;66;22;21mi[38;2;51;15;14m;[38;2;45;9;9m:[38;2;45;7;7m,[30m.. [38;2;75;2;4m,[38;2;178;6;10mi[38;2;197;9;13mr[38;2;198;9;15mr[38;2;183;9;14mi[38;2;187;10;15mr[38;2;210;12;16mr[38;2;183;9;13mi[38;2;93;6;8m:[30m..,,.,[38;2;173;12;14mr[38;2;222;15;18ms[38;2;255;24;25mX[38;2;233;19;21ms[38;2;183;14;16mr[38;2;226;16;18ms[38;2;208;15;16mr[38;2;237;18;21ms[38;2;158;15;16mr[30m,  .[38;2;142;10;12mi[38;2;208;15;18ms[38;2;238;19;20ms[38;2;251;21;22mX[38;2;233;21;23mX[38;2;246;22;23mX[38;2;238;21;21mX[38;2;233;20;21ms[38;2;206;16;18ms[38;2;147;12;13mi[38;2;190;17;18mr[38;2;226;16;19ms[38;2;231;17;20ms[38;2;247;19;23mX[38;2;165;12;14mi[30m [38;2;123;8;11m;[38;2;231;18;21ms[38;2;221;18;20ms[38;2;227;18;21ms[38;2;177;11;14mr[38;2;130;8;10m;[38;2;176;11;14mr[38;2;141;6;9m;[38;2;142;8;12mi[38;2;211;11;16mr[38;2;170;9;13mi[30m,   ,[38;2;67;32;31mr[38;2;115;45;48m2[38;2;170;80;78m3[38;2;195;87;84mh[38;2;147;63;62m2[38;2;107;43;42mX[38;2;66;27;27mi[38;2;45;8;8m:[30m,[38;2;45;6;4m,[38;2;45;5;4m,[38;2;65;12;6m:[38;2;50;7;3m,[38;2;45;4;2m,[30m, ..    [0m
[30m    .,.   .[38;2;76;15;12m;[38;2;97;27;26mr[38;2;90;27;27mr[38;2;148;47;47mA[38;2;81;27;26mr[38;2;130;46;48mX[38;2;132;42;42mX[38;2;63;15;15m;[38;2;46;10;10m:[30m..[38;2;136;5;7m;[38;2;182;8;12mi[38;2;165;7;11mi[38;2;196;8;14mr[38;2;218;11;16mr[38;2;183;9;13mi[38;2;191;9;13mr[38;2;196;11;13mr[38;2;160;12;14mi[38;2;190;14;17mr[38;2;130;9;10m;[38;2;215;21;21ms[38;2;181;15;15mr[38;2;203;15;18mr[38;2;192;18;19mr[38;2;208;13;15mr[38;2;222;13;17ms[38;2;210;12;16mr[38;2;235;15;18ms[38;2;246;18;21ms[38;2;253;18;22mX[38;2;225;15;18ms[38;2;173;11;14mi[38;2;255;24;27mX[38;2;147;22;21mr[30m   ,[38;2;160;12;13mi[38;2;233;18;20ms[38;2;252;23;24mX[38;2;227;21;23ms[38;2;155;12;13mi[38;2;253;21;23mX[38;2;255;23;24mX[38;2;223;18;20ms[38;2;178;12;14mr[38;2;200;15;15mr[38;2;168;9;9mi[38;2;171;9;10mi[38;2;145;3;6m;[30m, .[38;2;135;6;8m;[38;2;158;5;7mi[38;2;170;10;12mi[38;2;147;5;7m;[38;2;138;6;8m;[38;2;180;12;15mr[38;2;128;3;5m;[38;2;77;0;0m,[38;2;96;0;0m:[30m,.[38;2;45;18;18mi[38;2;93;41;41mA[38;2;144;45;55m3[38;2;177;45;55mM[38;2;195;90;88mh[38;2;182;82;80m3[38;2;140;63;61m2[38;2;93;39;37ms[38;2;60;21;19mi[38;2;53;15;12m;[38;2;51;10;7m:[38;2;51;9;6m:[38;2;55;9;5m:[38;2;53;9;5m:[30m,,.  .,     [0m
[30m     ,,   [38;2;60;9;4m:[38;2;93;17;12mi[38;2;73;18;18m;[38;2;131;34;34ms[38;2;213;66;66m5[38;2;225;72;72m3[38;2;182;56;56m2[38;2;90;22;22mi[30m,, [38;2;125;5;9m;[38;2;185;8;12mi[38;2;168;7;12mi[38;2;235;10;16mr[38;2;141;4;8m;[38;2;168;7;12mi[38;2;198;9;14mr[38;2;186;11;14mr[38;2;236;15;19ms[38;2;181;10;13mr[38;2;208;11;15mr[38;2;171;10;12mi[38;2;222;15;18ms[38;2;236;15;19ms[38;2;227;12;17ms[38;2;221;11;15mr[38;2;221;13;18ms[38;2;250;15;20ms[38;2;233;15;18ms[38;2;223;14;18ms[38;2;193;11;14mr[38;2;182;11;13mr[38;2;126;7;9m;[38;2;217;15;18ms[38;2;183;9;13mi[38;2;198;21;22ms[38;2;60;6;6m:[30m   [38;2;80;3;5m:[38;2;181;11;14mr[38;2;222;16;18ms[38;2;255;22;24mX[38;2;253;21;24mX[38;2;197;15;16mr[38;2;255;18;20mX[38;2;216;15;16ms[38;2;105;7;7m;[38;2;133;30;30ms[38;2;160;42;42mX[38;2;146;44;43mX[38;2;161;54;54mA[38;2;110;45;45mX[38;2;153;64;66m2[38;2;112;40;40ms[38;2;66;15;15m;[38;2;102;18;19mi[38;2;102;17;18mi[38;2;120;30;31ms[38;2;82;15;15m;[38;2;55;5;6m,[38;2;81;26;27mi[38;2;168;74;75m5[38;2;137;64;64m2[38;2;134;45;55m3[38;2;172;45;55mM[38;2;171;160;165mM[38;2;176;45;55mM[38;2;208;97;96mM[38;2;145;66;65m2[38;2;103;43;41mX[38;2;66;24;22mi[38;2;55;15;14m;[38;2;45;5;3m,[38;2;45;6;3m,[30m,.       ,[38;2;66;1;3m,[30m,     [0m
[30m      ,,. [38;2;57;10;5m:[38;2;90;15;9m;[30m,[38;2;70;14;14m;[38;2;87;18;18mii[38;2;67;12;10m;[30m,. ,[38;2;135;4;8m;[38;2;183;6;12mi[38;2;172;7;12mi[38;2;185;7;12mi[38;2;171;6;12mi[38;2;178;6;11mi[38;2;155;8;12mi[38;2;130;6;9m;[38;2;108;4;7m:[38;2;98;5;7m:[38;2;128;7;9m;[38;2;91;6;7m:[38;2;123;8;9m;[38;2;141;9;11mi[38;2;137;8;10m;[38;2;118;5;7m;[38;2;102;4;7m:[38;2;152;9;12mi[38;2;140;8;10mi[38;2;172;11;14mi[38;2;232;15;20ms[38;2;151;8;11mi[38;2;165;9;12mi[38;2;178;9;13mi[38;2;200;12;16mr[38;2;198;11;15mr[38;2;165;16;18mr[30m.. .[38;2;126;9;11m;[38;2;226;17;20ms[38;2;202;15;16mr[38;2;213;16;18ms[38;2;141;12;12mi[38;2;127;22;23mr[38;2;155;40;41mX[38;2;168;50;52mA[38;2;118;31;32ms[38;2;87;21;21mi[38;2;62;15;15m;[38;2;81;23;23mi[38;2;82;25;25mi[38;2;120;41;42mX[38;2;122;43;42mX[38;2;158;66;65m2[38;2;175;79;78m3[38;2;143;59;58m2[38;2;158;73;73m5[38;2;155;70;69m5[38;2;193;90;89mh[38;2;203;160;165mG[38;2;241;111;111mH[38;2;201;80;81m3[38;2;213;93;93mh[38;2;235;105;105mH[38;2;162;72;70m5[38;2;80;36;35mr[38;2;85;30;29mr[38;2;83;24;24mi[38;2;55;12;11m:[38;2;45;6;4m,[30m.. .... .  .[38;2;75;1;3m,,[30m      [0m
[30m      .[38;2;70;2;3m,[30m,  .,,.. .. [38;2;93;3;5m:[38;2;148;4;8m;[38;2;133;4;9m;[38;2;107;3;5m:[38;2;185;7;12mi[38;2;176;7;12mi[38;2;157;6;9mi[38;2;86;3;5m:[30m           [38;2;106;6;8m;[38;2;220;11;16mr[38;2;195;10;15mr[38;2;198;10;14mr[38;2;247;14;18ms[38;2;205;10;15mr[38;2;156;6;11mi[38;2;158;8;11mi[38;2;213;13;16mr[38;2;53;3;3m,[30m   ,[38;2;125;8;9m;[38;2;158;9;11mi[38;2;82;8;8m:[38;2;90;26;24mr[38;2;56;20;19m;[38;2;50;11;11m:[38;2;48;5;5m,[30m...  .[38;2;86;29;30mr[38;2;115;46;45mX[38;2;121;52;50mA[38;2;183;84;83m3[38;2;193;84;84m3[38;2;228;105;105mM[38;2;236;102;101mM[38;2;228;92;91mh[38;2;151;49;48mA[38;2;118;38;37ms[38;2;127;42;40mX[38;2;105;36;33ms[38;2;102;33;32ms[38;2;92;26;26mr[38;2;50;14;14m:[30m.  ,[38;2;45;6;5m,[38;2;45;4;4m,[30m,, ..  ,[38;2;90;2;4m:[30m.       [0m
[30m        [38;2;68;1;3m,[38;2;81;2;3m:[30m.  ,..,...[38;2;65;2;3m,[38;2;108;3;6m:[38;2;101;3;6m:[38;2;156;6;10mi[38;2;152;6;10mi[38;2;167;7;12mi[38;2;111;5;6m;[30m...,...[38;2;45;7;6m:[30m,.  [38;2;71;3;5m,[38;2;145;7;10mi[38;2;183;9;13mi[38;2;201;9;15mr[38;2;175;9;13mi[38;2;178;9;13mi[38;2;153;6;9mi[38;2;223;11;16mr[38;2;136;7;9m;[38;2;152;8;11mi[30m,   [38;2;75;4;6m:[38;2;65;3;3m,[30m,[38;2;71;3;4m:[30m,[38;2;116;3;4m:[38;2;93;2;4m:[38;2;138;6;9m;[38;2;83;4;6m:[38;2;72;3;3m:[30m  [38;2;65;21;20mi[38;2;160;55;54m2[38;2;228;93;93mM[38;2;246;108;108mH[38;2;188;84;83m3[38;2;191;74;72m3[38;2;143;53;51mA[38;2;136;46;45mX[38;2;147;48;46mA[38;2;167;55;54m2[38;2;112;33;32ms[38;2;92;20;21mi[38;2;70;12;11m;[30m,. ,[38;2;45;7;6m,[38;2;45;6;5m,[38;2;46;11;10m:[38;2;46;9;9m:[38;2;60;6;5m:[30m      ,[38;2;88;2;4m:[30m,        [0m
[30m         [38;2;73;2;4m,[38;2;77;2;3m,[30m.   .   [38;2;103;5;7m:[38;2;133;4;8m;[38;2;81;1;3m,[30m,[38;2;127;4;7m;[38;2;135;5;9m;[38;2;122;3;6m;[30m, .,,,,[38;2;63;11;11m:[30m. .,  [38;2;90;2;5m:[38;2;172;7;12mi[38;2;212;11;16mr[38;2;135;6;9m;[38;2;117;4;7m;[38;2;147;6;9m;[38;2;196;9;14mr[38;2;161;6;10mi[38;2;156;7;11mi[38;2;107;5;7m;[30m   .,[38;2;106;4;6m:[38;2;168;6;10mi[38;2;147;7;10mi[38;2;177;8;12mi[38;2;125;6;8m;[38;2;85;3;3m:[30m ,[38;2;88;33;33mr[38;2;148;54;54mA[38;2;140;50;48mA[38;2;162;60;60m2[38;2;176;65;63m5[38;2;155;54;53mA[38;2;181;63;63m2[38;2;202;69;69m5[38;2;116;36;35ms[38;2;105;31;31mr[38;2;91;24;24mi[38;2;66;18;18m;[38;2;45;4;4m,[38;2;86;9;9m;[30m. ...[38;2;65;14;14m;[38;2;67;12;11m;[30m..,     ,[38;2;98;2;4m:[30m,         [0m
[30m          .[38;2;88;3;5m:[38;2;71;2;3m,[30m     ,[38;2;73;2;3m,[38;2;91;3;4m:[38;2;98;3;4m:[38;2;102;3;5m:[38;2;90;2;4m:[30m,[38;2;111;3;6m:[30m. ., ,[38;2;46;7;7m,[38;2;78;9;9m:[30m,  ,. ,[38;2;132;5;9m;[38;2;122;4;6m;[38;2;120;4;7m;[38;2;196;9;13mr[38;2;176;7;12mi[38;2;156;5;9m;[38;2;123;3;7m;[38;2;108;3;6m:[38;2;167;6;10mi[38;2;116;6;9m;[30m   ,[38;2;112;5;8m;[38;2;87;3;4m:[38;2;128;3;6m;[38;2;107;0;3m:[30m,,[38;2;85;28;28mr[38;2;152;50;51mA[38;2;176;60;60m2[38;2;177;61;60m2[38;2;103;30;29mr[38;2;90;30;30mr[38;2;87;31;31mr[38;2;165;66;67m5[38;2;201;68;69m5[38;2;88;21;21mi[38;2;101;23;24mi[38;2;160;40;42mX[38;2;55;9;9m:[38;2;61;10;10m:[38;2;68;6;6m:[38;2;56;4;3m,[30m  ,. .[38;2;76;6;6m:[30m...   .[38;2;92;3;5m:[38;2;72;2;4m,[30m           [0m
[30m           .,[38;2;81;2;4m:[30m,..[38;2;70;2;3m,[38;2;81;3;3m:[30m,,[38;2;80;2;3m:[38;2;72;3;3m,[38;2;80;2;4m:[38;2;83;2;3m:[38;2;71;2;3m,[38;2;88;4;6m:[30m,.,.[38;2;68;9;9m:[30m. [38;2;47;5;6m,[38;2;45;4;4m,[30m.,.[38;2;53;4;5m,[38;2;105;6;8m;[38;2;111;6;8m;[38;2;113;6;8m;[38;2;107;5;6m;[38;2;102;3;6m:[38;2;75;3;5m:[38;2;138;7;9m;[38;2;130;5;7m;[38;2;100;2;5m:[38;2;120;3;6m;[38;2;143;6;9m;[38;2;105;6;8m;[38;2;91;6;6m:[30m, .,[38;2;75;12;13m;[38;2;71;18;17m;[38;2;100;30;30mr[38;2;190;60;60m2[38;2;207;67;67m5[38;2;113;30;30mr[38;2;47;8;8m:[30m [38;2;90;24;26mi[38;2;181;65;65m5[38;2;217;81;81m3[38;2;117;36;36ms[38;2;58;14;13m;[38;2;130;41;42mX[38;2;148;45;45mX[38;2;48;7;7m:[38;2;73;14;14m;[38;2;115;18;19mi[38;2;57;3;3m,[30m .[38;2;45;4;4m,[30m.  [38;2;63;6;6m:[30m,    .[38;2;85;3;4m:[38;2;62;2;3m,[30m.            [0m
[30m             .,,,.    .   .....[38;2;62;6;6m:[38;2;65;6;6m:[30m,.  .,..[38;2;56;6;6m,[30m,. ..[38;2;78;8;7m:[30m,. ,[38;2;91;15;15m;[38;2;75;11;10m;[38;2;61;15;15m;[38;2;96;25;26mr[38;2;123;29;30mr[38;2;165;54;54mA[38;2;168;53;52mA[38;2;120;32;33ms[38;2;65;13;13m;[30m.  [38;2;55;12;12m:[38;2;198;63;66m5[38;2;137;37;38mX[38;2;61;12;12m:[30m.[38;2;102;25;27mr[38;2;201;59;61m2[38;2;118;31;33ms[30m.[38;2;88;15;16m;[38;2;121;16;17mi[30m.  ,   [38;2;58;3;3m,[30m.  .[38;2;71;3;4m,[38;2;91;3;5m:[38;2;71;2;3m,[30m.             [0m
[30m                ,[38;2;76;3;3m:[38;2;60;3;3m,[30m.  .  .     ,..[38;2;61;3;4m,[30m....   [38;2;70;7;8m:[38;2;52;7;7m:[30m,. .[38;2;63;11;11m:[38;2;100;24;23mr[38;2;90;24;24mi[38;2;80;18;18mi[38;2;166;41;42mX[38;2;121;30;31ms[38;2;110;25;25mr[38;2;111;24;24mr[38;2;56;5;6m,[30m..    [38;2;83;21;22mi[38;2;238;69;72m3[38;2;177;45;46mA[30m, [38;2;45;4;6m,[38;2;170;40;43mX[38;2;68;6;6m:[30m .[38;2;97;12;14m;[30m. . .   ...[38;2;75;3;5m:[38;2;108;5;6m;[38;2;78;2;4m,[30m.               [0m
[30m                 .,[38;2;71;3;3m,[38;2;66;3;3m,[30m..  ..    ,. ....,.. [38;2;58;4;5m,[38;2;56;4;5m,[30m.             .. [38;2;76;20;19mi[38;2;146;44;45mX[38;2;196;52;54m2[38;2;106;18;19mi[30m   [38;2;126;23;25mr[38;2;170;33;36mX[30m. [38;2;52;6;7m,[38;2;126;15;17mi[30m,       ,[38;2;96;4;5m:[38;2;76;2;3m,[30m,.                 [0m
[30m                    .,,...     .. ..  , . [38;2;78;3;5m:[30m. .  ,      ,..[38;2;45;4;4m,[38;2;90;21;21mi[38;2;118;25;25mr[38;2;115;22;23mr[38;2;96;24;25mr[38;2;67;7;8m:[30m  .[38;2;86;15;16m;[38;2;143;33;33ms[38;2;71;6;5m:[30m ,,.     .,[38;2;83;3;3m:[30m,.                    [0m
[30m                       .,,,,..    .....   [38;2;63;2;4m,[30m. ..    ,[38;2;53;6;6m:[38;2;61;9;9m:[38;2;71;15;15m;[38;2;65;13;13m;[38;2;86;15;15m;[38;2;125;30;30ms[38;2;101;22;23mi[38;2;98;19;20mi[38;2;61;9;9m:[30m  .[38;2;45;4;4m,[38;2;70;12;12m;[38;2;90;14;14m;[30m,.. .   .[38;2;65;2;3m,[38;2;101;3;5m:[38;2;77;1;3m,[38;2;66;2;3m,[30m.                       [0m
[30m                          .,[38;2;73;2;3m,[38;2;76;3;4m:[38;2;75;3;4m:[30m,,.        .. . ..    .[38;2;48;7;7m:[38;2;45;4;4m,[30m...   ....    .,,,[38;2;90;2;4m:[38;2;103;3;6m:[38;2;81;2;4m:[30m,                          [0m
[30m                              ...,[38;2;72;1;3m,[30m,,,.. .                     ...,[38;2;62;2;3m,[38;2;87;3;4m:[38;2;72;2;3m,[30m,[38;2;72;2;3m,[30m,.                              [0m
[30m                                   ..,,,.[38;2;73;2;3m,[30m,,,,,..,....,[38;2;65;2;3m,,[30m.,,,[38;2;85;3;4m:[38;2;71;3;3m,[30m,[38;2;67;3;4m,[38;2;73;3;3m,[30m,..                                   [0m
[30m                                           ...........,......                                           [0m
